S,1,Right,2,3,6,21,29,Left,41,54,3,4,15,19,37,36,8,14,30,41,52,Up,54,58,23,24,25,26,37,35,36,34,39,40,41,Down,12,23,16,29,21
S,2,Right,2,3,6,21,29,Left,1,2,7,10,28,Up,23,24,25,26,34,35,36,37,38,39,40,41,54,58,Down,13,17,18,20,24,45,46,48
S,3,Right,4,5,12,15,16,23,26,27,34,37,38,49,54,58,Left,1,2,7,10,28,Up,54,58,23,24,25,26,37,35,36,34,39,40,41,Down,10,14,19,25,39
S,4,Right,4,5,12,15,16,23,26,27,34,37,38,49,54,58,Left,41,54,3,4,15,19,37,36,8,14,30,41,52,Up,54,58,23,24,25,26,37,35,36,34,39,40,41,Down,15,31,32,33,38,41,49,52,53
S,5,Right,7,8,9,32,35,36,40,43,51,52,53,Left,41,54,3,4,15,19,37,36,8,14,30,41,52,Up,54,58,23,24,25,26,37,35,36,34,39,40,41,Down,15,31,32,33,38,41,49,52,53
S,6,Right,7,40,Left,1,2,7,10,28,Up,54,58,23,24,25,26,37,35,36,34,39,40,41,Down,10,14,19,25,39
S,7,Right,2,3,6,21,29,Left,6,39,Up,54,58,23,24,25,26,37,35,36,34,39,40,41,Down,12,23,16,29,21
S,8,Right,4,5,12,15,16,23,26,27,34,37,38,49,54,58,Left,9,33,34,35,38,39,44,49,50,53,Up,54,58,23,24,25,26,37,35,36,34,39,40,41,Down,15,31,32,33,38,41,49,52,53
S,9,Right,8,9,32,35,36,40,43,51,52,53,Left,6,9,33,34,35,38,39,44,49,50,53,Up,54,58,23,24,25,26,37,35,36,34,39,40,41,Down,15,31,32,33,38,41,49,52,53
S,10,Right,2,3,6,21,29,Left,17,21,23,24,40,Up,14,17,21,30,Down,12,23,16,29,21
S,11,Right,0,Left,0,Up,0,Down,0
S,12,Right,13,17,28,45,46,50,Left,41,54,3,4,15,19,37,36,8,14,30,41,52,Up,1,7,10,12,18,27,Down,12,23,16,29,21
S,13,Right,13,17,28,45,46,48,50,Left,12,13,18,29,45,46,48,51,Up,13,2,28,29,31,45,46,48,Down,13,17,18,20,24,45,46,48
S,14,Right,4,5,12,15,16,23,26,27,34,37,38,49,54,58,Left,12,13,18,29,45,46,51,Up,14,17,21,30,Down,10,14,19,25,39
S,15,Right,4,5,12,15,16,23,26,27,34,37,38,49,54,58,Left,41,54,3,4,15,19,37,36,8,14,30,41,52,Up,4,5,8,9,15,20,43,44,49,52,53,Down,15,31,32,33,38,41,49,52,53
S,16,Right,18,19,20,24,39,44,Left,41,54,3,4,15,19,37,36,8,14,30,41,52,Up,1,7,10,12,18,27,Down,27
S,17,Right,10,18,24,25,39,Left,12,13,18,29,45,46,51,Up,13,2,28,29,31,45,46,Down,10,14,19,25,39
S,18,Right,13,17,28,45,46,50,Left,17,21,23,24,40,Up,13,2,28,29,31,45,46,Down,12,23,16,29,21
S,19,Right,4,5,12,15,16,23,26,27,34,37,38,49,54,58,Left,16,20,43,Up,14,17,21,30,Down,27,30,31,32,33,38,41,49,52,53
S,20,Right,18,19,20,24,39,44,Left,16,20,43,Up,13,2,28,29,31,45,46,48,Down,15,31,32,33,38,41,49,52,53
S,21,Right,10,18,24,25,39,Left,1,2,7,10,28,Up,1,7,10,12,18,27,Down,10,14,19,25,39
S,22,Right,0,Left,0,Up,0,Down,0
S,23,Right,10,18,24,25,39,Left,41,54,3,4,15,19,37,36,8,14,30,41,52,Up,1,7,10,12,18,27,Down,1,2,3,4,5,6,7,8,9,34,35,36,37,54,58
S,24,Right,10,18,24,25,39,Left,17,21,23,24,40,Up,13,2,28,29,31,45,46,Down,1,2,3,4,5,6,7,8,9,34,35,36,37,54,58
S,25,Right,4,5,12,15,16,23,26,27,34,37,38,49,54,58,Left,17,21,23,24,40,Up,14,17,21,30,Down,1,2,3,4,5,6,7,8,9,34,35,36,37,54,58
S,26,Right,4,5,12,15,16,23,26,27,34,37,38,49,54,58,Left,41,54,3,4,15,19,37,36,8,14,30,41,52,Up,4,5,8,9,15,20,43,44,49,52,53,Down,1,2,3,4,5,6,7,8,9,34,35,36,37,54,58
S,27,Right,30,31,33,Left,41,54,3,4,15,19,37,36,8,14,30,41,52,Up,4,5,8,9,15,16,19,20,43,44,49,52,53,Down,12,23,16,29,21
S,28,Right,2,3,6,21,29,Left,12,13,18,29,45,46,51,Up,14,17,21,30,Down,13,17,18,20,24,45,46,48
S,29,Right,13,17,28,45,46,50,Left,1,2,7,10,28,Up,1,7,10,12,18,27,Down,13,17,18,20,24,45,46,48
S,30,Right,4,5,12,15,16,23,26,27,34,37,38,49,54,58,Left,2,7,10,27,28,31,32,Up,19,Down,10,14,19,25,39
S,31,Right,30,31,33,Left,2,7,10,27,28,31,32,Up,4,5,8,9,15,20,43,44,49,52,53,Down,13,17,18,20,24,45,46,48
S,32,Right,30,31,33,Left,9,33,34,35,38,39,44,49,50,53,Up,4,5,8,9,15,20,43,44,49,52,53,Down,12,21,29,43,51
S,33,Right,8,9,32,35,36,40,43,51,52,53,Left,2,7,10,27,28,31,32,Up,4,5,8,9,15,20,43,44,49,52,53,Down,44,50
S,34,Right,7,8,9,32,35,36,40,43,51,52,53,Left,41,54,3,4,15,19,37,36,8,14,30,41,52,Up,54,58,23,24,25,26,37,35,36,34,39,40,41,Down,1,2,3,4,5,6,7,8,9,34,35,36,37,54,58
S,35,Right,8,9,32,35,36,40,43,51,52,53,Left,6,9,33,34,35,38,39,44,49,50,53,Up,54,58,23,24,25,26,37,35,36,34,39,40,41,Down,1,2,3,4,5,6,7,8,9,34,35,36,37,54,58
S,36,Right,4,5,12,15,16,23,26,27,34,37,38,49,54,58,Left,6,9,33,34,35,38,39,44,49,50,53,Up,54,58,23,24,25,26,37,35,36,34,39,40,41,Down,1,2,3,4,5,6,7,8,9,34,35,36,37,54,58
S,37,Right,4,5,12,15,16,23,26,27,34,37,38,49,54,58,Left,41,54,3,4,15,19,37,36,8,14,30,41,52,Up,54,58,23,24,25,26,37,35,36,34,39,40,41,Down,1,2,3,4,5,6,7,8,9,34,35,36,37,54,58
S,38,Right,7,8,9,32,35,36,40,43,51,52,53,Left,41,54,3,4,15,19,37,36,8,14,30,41,52,Up,4,5,8,9,15,20,43,44,49,52,53,Down,1,2,3,4,5,6,7,8,9,34,35,36,37,54,58
S,39,Right,7,8,9,32,35,36,40,43,51,52,53,Left,17,21,23,24,40,Up,14,17,21,30,Down,1,2,3,4,5,6,7,8,9,34,35,36,37,54,58
S,40,Right,10,18,24,25,39,Left,6,39,Up,1,7,10,12,18,27,Down,1,2,3,4,5,6,7,8,9,34,35,36,37,54,58
S,41,Right,4,5,12,15,16,23,26,27,34,37,38,49,54,58,Left,6,9,33,34,35,38,39,44,49,50,53,Up,4,5,8,9,15,20,43,44,49,52,53,Down,1,2,3,4,5,6,7,8,9,34,35,36,37,54,58
S,42,Right,0,Left,0,Up,0,Down,0
S,43,Right,18,19,20,24,39,44,Left,9,33,34,35,38,39,44,49,50,53,Up,32,51,Down,15,31,32,33,38,41,49,52,53
S,44,Right,8,9,32,35,36,40,43,51,52,53,Left,16,20,43,Up,33,50,Down,15,31,32,33,38,41,49,52,53
S,45,Right,13,17,28,45,46,48,50,Left,12,13,18,29,45,46,48,51,Up,13,2,28,29,31,45,46,48,Down,13,17,18,20,24,45,46,48
S,46,Right,13,17,28,45,46,48,50,Left,12,13,18,29,45,46,48,51,Up,13,2,28,29,31,45,46,48,Down,13,17,18,20,24,45,46,48
S,47,Right,0,Left,0,Up,0,Down,0
S,48,Right,13,17,28,45,46,48,50,Left,12,13,18,29,45,46,48,51,Up,13,2,28,29,31,45,46,48,Down,13,17,18,20,24,45,46,48
S,49,Right,7,8,9,32,35,36,40,43,51,52,53,Left,41,54,3,4,15,19,37,36,8,14,30,41,52,Up,4,5,8,9,15,20,43,44,49,52,53,Down,15,31,32,33,38,41,49,52,53
S,50,Right,7,8,9,32,35,36,40,43,51,52,53,Left,12,13,18,29,45,46,48,51,Up,33,50,Down,44,50
S,51,Right,13,17,28,45,46,48,50,Left,6,9,33,34,35,38,39,44,49,50,53,Up,32,51,Down,12,21,29,43,51
S,52,Right,4,5,12,15,16,23,26,27,34,37,38,49,54,58,Left,6,9,33,34,35,38,39,44,49,50,53,Up,4,5,8,9,15,20,43,44,49,52,53,Down,15,31,32,33,38,41,49,52,53
S,53,Right,8,9,32,35,36,40,43,51,52,53,Left,6,9,33,34,35,38,39,44,49,50,53,Up,4,5,8,9,15,20,43,44,49,52,53,Down,15,31,32,33,38,41,49,52,53
S,54,Right,4,5,12,15,16,23,26,27,34,37,38,49,54,58,Left,41,54,3,4,15,19,37,36,8,14,30,41,52,Up,54,58,23,24,25,26,37,35,36,34,39,40,41,Down,1,2,3,4,5,6,7,8,9,34,35,36,37,54,58
S,55,Right,55,56,Left,55,56,Up,55,56,Down,55,56
S,56,Right,55,56,57,Left,55,56,57,Up,55,56,57,Down,55,56,57
S,57,Right,56,57,58,Left,56,57,58,Up,56,57,58,Down,56,57,58
S,58,Right,4,5,12,15,16,23,26,27,34,37,38,49,54,57,58,Left,41,54,3,4,15,19,37,36,8,14,30,41,52,57,Up,54,58,23,24,25,26,37,35,36,34,39,40,41,57,Down,1,2,3,4,5,6,7,8,9,34,35,36,37,54,57,58
